crossing time (s)	slope (V/s)	crossing number
6723.138097	1.157340	6464
6724.237310	0.978238	6465
6725.171373	1.310647	6466
6726.288852	1.040906	6467
6727.207877	1.087267	6468
6728.329971	0.828496	6469
6729.250694	1.292288	6470
6730.372633	1.035698	6471
6731.293008	1.176949	6472
6732.411718	1.066437	6473
6733.341070	1.321621	6474
6734.448703	1.156364	6475
6735.391132	1.297052	6476
6736.481630	1.161572	6477
6737.439534	1.225428	6478
6738.519775	1.170212	6479
6739.476872	1.196806	6480
6740.577634	1.298616	6481
6741.508102	1.259850	6482
6742.622271	1.057254	6483
6743.558987	1.409754	6484
6744.650286	1.190373	6485
6745.609101	1.289215	6486
6746.697211	1.202603	6487
6747.640084	1.325733	6488
6748.750472	1.112342	6489
6749.684458	1.297034	6490
6750.780559	1.316935	6491
6751.737428	1.379192	6492
6752.821664	1.071953	6493
6753.769780	1.425743	6494
6754.877244	1.364523	6495
6755.810621	1.222941	6496
6756.912946	1.285260	6497
6757.865500	1.573763	6498
6758.942690	0.953490	6499
6759.906029	1.387622	6500
6760.995566	1.654581	6501
6761.939141	1.227060	6502
6763.047965	1.146854	6503
6763.978370	1.562204	6504
6765.083712	1.115809	6505
6766.028517	1.394975	6506
6767.122112	1.427649	6507
6768.076055	1.508024	6508
6769.158958	1.229098	6509
6770.122276	1.365431	6510
6771.199220	1.398914	6511
6772.164540	1.556374	6512
6773.242360	1.226800	6513
6774.207045	1.388737	6514
6775.288838	1.501567	6515
6776.244758	1.633686	6516
6777.335852	1.273318	6517
6778.280488	1.493173	6518
6779.383355	1.354421	6519
6780.322076	1.495511	6520
6781.423085	1.405479	6521
6782.372065	1.609048	6522
6783.453277	1.452368	6523
6784.423551	1.525468	6524
6785.492509	1.467547	6525
6786.463620	1.649551	6526
6787.546063	1.353091	6527
6788.495556	1.575697	6528
6789.596060	1.545664	6529
6790.539006	1.608970	6530
6791.626935	1.532182	6531
6792.592677	1.602647	6532
6793.661845	1.449848	6533
6794.636924	1.557348	6534
6795.711543	1.563668	6535
6796.670023	1.683507	6536
6797.764245	1.460911	6537
6798.708117	1.623193	6538
6799.805459	1.608397	6539
6800.755320	1.626291	6540
6801.840607	1.540476	6541
6802.804914	1.620141	6542
6803.876726	1.546411	6543
6804.851389	1.601821	6544
6805.917568	1.466886	6545
6806.896293	1.686631	6546
6807.960250	1.541502	6547
6808.938695	1.741767	6548
6810.003911	1.551398	6549
6810.981052	1.795529	6550
6812.047006	1.647121	6551
6813.023931	1.828728	6552
6814.089888	1.563543	6553
6815.067256	1.766841	6554
6816.131067	1.644281	6555
6817.110362	1.764955	6556
6818.174043	1.540383	6557
6819.152177	1.842193	6558
6820.218777	1.641823	6559
6821.191741	1.773776	6560
6822.266071	1.675523	6561
6823.229483	1.827192	6562
6824.314352	1.704169	6563
6825.268787	1.866516	6564
6826.358550	1.704212	6565
6827.313912	1.867905	6566
6828.394595	1.659524	6567
6829.364386	1.928498	6568
6830.430306	1.729929	6569
6831.411914	1.941751	6570
6832.473181	1.758054	6571
6833.449653	1.982319	6572
6834.521968	1.744721	6573
6835.486021	2.073245	6574
6836.571460	1.730186	6575
6837.526446	1.819769	6576
6838.611844	1.737621	6577
6839.574618	1.905852	6578
6840.648920	1.740331	6579
6841.623302	2.008118	6580
6842.686474	1.767611	6581
6843.668134	2.163302	6582
6844.728439	1.786713	6583
6845.711536	2.003373	6584
6846.772150	1.793687	6585
6847.753171	2.000664	6586
6848.817681	2.022205	6587
6849.794404	1.897054	6588
6850.857687	1.860190	6589
6851.838526	1.811874	6590
6852.900256	1.812441	6591
6853.881821	1.886721	6592
6854.942688	1.857046	6593
6855.925968	2.031657	6594
6856.984586	1.926072	6595
6857.969681	2.075278	6596
6859.027844	1.934109	6597
6860.011668	2.113158	6598
6861.073366	1.887153	6599
6862.049892	2.164628	6600
6863.121505	1.890656	6601
6864.087307	2.108383	6602
6865.168581	1.986462	6603
6866.127499	2.104344	6604
6867.210615	2.101472	6605
6868.174068	2.111801	6606
6869.247828	2.059409	6607
6870.222412	2.159886	6608
6871.284803	2.011846	6609
6872.270067	2.136020	6610
6873.326926	2.050470	6611
6874.312966	2.208595	6612
6875.372455	2.021726	6613
6876.350800	2.258461	6614
6877.420012	1.990122	6615
6878.388694	2.246476	6616
6879.466512	2.096584	6617
6880.429126	2.186461	6618
6881.510005	2.198239	6619
6882.471709	2.339654	6620
6883.552710	1.999756	6621
6884.515875	2.234809	6622
6885.594694	2.224120	6623
6886.559739	2.259480	6624
6887.636950	2.191509	6625
6888.602505	2.305442	6626
6889.679997	2.145856	6627
6890.644586	2.331717	6628
6891.724244	2.212392	6629
6892.687032	2.267914	6630
6893.767084	2.175003	6631
6894.730558	2.309290	6632
6895.807120	2.204201	6633
6896.776350	2.394912	6634
6897.846839	2.273461	6635
6898.823341	2.384411	6636
6899.885321	2.252059	6637
6900.870140	2.381872	6638
6901.925173	2.309257	6639
6902.913118	2.360685	6640
6903.968777	2.113411	6641
6904.953701	2.422271	6642
6906.016113	2.297417	6643
6906.992685	2.454159	6644
6908.062614	2.320539	6645
6909.032008	2.405852	6646
6910.108521	2.366619	6647
6911.073373	2.420978	6648
6912.150639	2.420978	6649
6913.118337	2.382876	6650
6914.190737	2.269428	6651
6915.164713	2.486306	6652
6916.229959	2.373115	6653
6917.210734	2.623560	6654
6918.269684	2.312659	6655
6919.255163	2.531761	6656
6920.311306	2.360537	6657
6921.299065	2.502610	6658
6922.354029	2.445742	6659
6923.342012	2.516717	6660
6924.397192	2.425776	6661
6925.384057	2.594610	6662
6926.440531	2.361339	6663
6927.425210	2.649468	6664
6928.485525	2.511751	6665
6929.464956	2.627002	6666
6930.531585	2.484345	6667
6931.504361	2.699547	6668
6932.577817	2.491202	6669
6933.545588	2.583746	6670
6934.621164	2.577841	6671
6935.588887	2.687038	6672
6936.661938	2.526945	6673
6937.633902	2.631578	6674
6938.701650	2.562503	6675
6939.680640	2.685831	6676
6940.740490	2.638522	6677
6941.727197	2.650398	6678
6942.780754	2.519907	6679
6943.772026	2.645243	6680
6944.823944	2.580911	6681
6945.814156	2.765181	6682
6946.866975	2.612438	6683
6947.855277	2.805522	6684
6948.912272	2.537959	6685
6949.895025	2.766885	6686
6950.958824	2.543274	6687
6951.935484	2.832150	6688
6953.003958	2.622885	6689
6953.976492	2.746768	6690
6955.048097	2.575251	6691
6956.018932	2.832457	6692
6957.091874	2.604087	6693
6958.061232	2.752770	6694
6959.134960	2.630956	6695
6960.104948	2.796260	6696
6961.177677	2.624669	6697
6962.148273	2.808812	6698
6963.220041	2.674047	6699
6964.192736	2.843475	6700
6965.261277	2.678202	6701
6966.237751	2.831291	6702
6967.302639	2.687890	6703
6968.283787	2.894700	6704
6969.342480	2.709616	6705
6970.328921	2.865104	6706
6971.383613	2.750659	6707
6972.373937	2.878258	6708
6973.424792	2.647339	6709
6974.418307	2.830355	6710
6975.468061	2.831487	6711
6976.460052	2.903442	6712
6977.512438	2.787621	6713
6978.501255	2.963536	6714
6979.558767	2.850997	6715
6980.541146	2.944939	6716
6981.604641	2.820822	6717
6982.582578	2.909185	6718
6983.650933	2.772570	6719
6984.623317	2.911103	6720
6985.694152	2.866698	6721
6986.665755	2.899659	6722
6987.737261	2.775691	6723
6988.709757	2.978844	6724
6989.779302	2.805625	6725
6990.754604	2.987958	6726
6991.820163	2.728351	6727
6992.799548	3.060058	6728
6993.862049	2.886883	6729
6994.843520	3.026442	6730
6995.903633	2.881562	6731
6996.886991	2.973806	6732
6997.946798	2.879921	6733
6998.930028	3.047909	6734
6999.990225	2.849243	6735
7000.972252	3.029638	6736
7002.034302	2.863202	6737
7003.013601	3.073396	6738
7004.079194	2.885836	6739
7005.055015	3.056581	6740
7006.123368	2.976032	6741
7007.096894	3.050900	6742
7008.167417	2.947085	6743
7009.139501	3.079071	6744
7010.210072	3.014375	6745
7011.183831	3.074273	6746
7012.251294	2.998728	6747
7013.228987	3.131176	6748
7014.292067	3.052874	6749
7015.274413	3.104823	6750
7016.332619	3.037258	6751
7017.319998	3.051707	6752
7018.373323	3.050711	6753
7019.364929	3.090937	6754
7020.415566	3.040809	6755
7021.409370	3.135214	6756
7022.457817	3.015187	6757
7023.452131	3.140465	6758
7024.501010	2.910659	6759
