time (s)	energy (uJ)	charge (mC)	voltage (mV)	crossing#mod 255
5021.391247	3.607653	1.609558	2.241393	201
5022.426610	3.849834	1.681491	2.289537	202
5023.439186	4.116025	1.695792	2.427200	203
5024.466323	3.768443	1.679333	2.244011	204
5025.470652	4.040209	1.690530	2.389907	205
5026.520430	3.575819	1.676295	2.133169	206
5027.522333	3.946973	1.699513	2.322414	207
5028.553405	3.659427	1.681806	2.175891	208
5029.567399	3.903585	1.684982	2.316694	209
5030.593769	3.989599	1.694503	2.354436	210
5031.605149	4.028304	1.679142	2.399025	211
5032.637274	3.904907	1.697008	2.301054	212
5033.653412	3.725839	1.685004	2.211175	213
5034.670810	4.078748	1.694694	2.406776	214
5035.704156	3.873649	1.701285	2.276897	215
5036.713136	3.956883	1.629436	2.428377	216
5037.731464	3.740000	1.678607	2.228038	217
5038.773126	3.850782	1.690925	2.277322	218
5039.769796	3.796404	1.650942	2.299538	219
5040.812579	3.872863	1.667575	2.322452	220
5041.817419	4.122116	1.697069	2.428963	221
5042.848812	3.841697	1.689595	2.273739	222
5043.860807	3.908125	1.689150	2.313663	223
5044.892538	3.912963	1.679457	2.329898	224
5045.917546	3.858805	1.699352	2.270751	225
5046.932618	4.192069	1.694289	2.474235	226
5047.945808	3.825207	1.655169	2.311067	227
5048.975721	3.905550	1.681183	2.323096	228
5049.989487	3.815787	1.698385	2.246715	229
5051.024964	3.951565	1.685810	2.344015	230
5052.021589	4.066888	1.697160	2.396291	231
5053.071994	3.898444	1.686973	2.310911	232
5054.067056	3.962229	1.691941	2.341825	233
5055.101564	3.871020	1.687594	2.293809	234
5056.125340	3.908467	1.692914	2.308722	235
5057.146740	3.991466	1.682177	2.372797	236
5058.162431	3.855734	1.695629	2.273925	237
5059.179058	4.020937	1.688583	2.381249	238
5060.213644	3.752830	1.667202	2.250975	239
5061.222193	4.130779	1.691325	2.442333	240
5062.247702	3.811017	1.685676	2.260824	241
5063.273325	4.205605	1.696255	2.479347	242
5064.287956	3.823026	1.678239	2.277999	243
5065.315182	4.188693	1.699906	2.464074	244
5066.330505	3.739026	1.673031	2.234881	245
5067.350373	4.116371	1.649394	2.495687	246
5068.382058	3.759521	1.702202	2.208622	247
5069.392131	4.132651	1.698594	2.432984	248
5070.417870	3.876781	1.684754	2.301096	249
5071.433836	4.195160	1.692160	2.479175	250
5072.461642	3.875350	1.691481	2.291099	251
5073.475285	4.033582	1.655623	2.436293	252
5074.509686	3.912622	1.685828	2.320891	253
5075.521840	4.043543	1.691188	2.390948	254
5076.540681	4.130997	1.693081	2.439929	255
5077.577057	4.010328	1.691211	2.371276	0
5078.576103	4.107988	1.654275	2.483256	1
5079.617370	3.876667	1.687639	2.297095	2
5080.622978	4.156547	1.702034	2.442106	3
5081.661219	3.979293	1.695902	2.346417	4
5082.660413	4.075452	1.693127	2.407056	5
5083.706248	4.194262	1.702249	2.463953	6
5084.710085	3.943369	1.692849	2.329427	7
5085.732827	4.285571	1.695524	2.527578	8
5086.765921	3.886343	1.694225	2.293876	9
5087.773266	4.270420	1.695593	2.518540	10
5088.799249	4.013415	1.689518	2.375479	11
5089.828771	4.162682	1.692065	2.460119	12
5090.834982	4.081780	1.636847	2.493685	13
5091.869774	4.009473	1.681575	2.384356	14
5092.878189	4.260399	1.697811	2.509348	15
5093.915990	3.938474	1.682847	2.340364	16
5094.911782	4.139161	1.699088	2.436107	17
5095.958166	4.022400	1.659294	2.424164	18
5096.965417	4.137670	1.689128	2.449590	19
5098.003858	4.110317	1.678502	2.448802	20
5099.012479	3.908644	1.668540	2.342554	21
5100.042544	4.301522	1.691597	2.542876	22
5101.050824	3.978847	1.691759	2.351900	23
5102.081937	4.321932	1.660795	2.602328	24
5103.095093	3.951440	1.678744	2.353808	25
5104.115142	4.273046	1.678688	2.545468	26
5105.146194	3.912246	1.655712	2.362879	27
5106.164573	4.284135	1.696656	2.525047	28
5107.187935	3.951771	1.684018	2.346633	29
5108.207453	4.341116	1.698066	2.556506	30
5109.221770	4.045442	1.694968	2.386737	31
5110.242955	4.276955	1.681078	2.544173	32
5111.263680	3.983256	1.664533	2.393017	33
5112.289357	4.293777	1.689207	2.541889	34
5113.301239	3.987770	1.649097	2.418154	35
5114.335614	4.180334	1.679839	2.488532	36
5115.348869	4.184648	1.684619	2.484033	37
5116.381855	4.155595	1.683278	2.468751	38
5117.380315	4.268290	1.688511	2.527842	39
5118.433595	4.048419	1.682491	2.406205	40
5119.423980	4.320373	1.694370	2.549841	41
5120.466236	4.133275	1.694138	2.439751	42
5121.477467	4.290665	1.669154	2.570562	43
5122.511764	4.188663	1.696457	2.469065	44
5123.517461	4.057776	1.632970	2.484906	45
5124.541845	4.250309	1.689542	2.515657	46
5125.572475	4.237279	1.706098	2.483608	47
5126.580438	4.386425	1.693450	2.590230	48
5127.607402	3.972709	1.690705	2.349735	49
5128.625398	4.354520	1.697930	2.564605	50
5129.652122	4.010729	1.649020	2.432190	51
5130.673992	4.131969	1.644931	2.511941	52
5131.682508	4.230991	1.661581	2.546364	53
5132.729189	4.154270	1.662614	2.498637	54
5133.729081	4.314848	1.694365	2.546587	55
5134.765924	4.133837	1.644892	2.513136	56
5135.770470	4.343452	1.688929	2.571720	57
5136.807234	3.956591	1.640891	2.411246	58
5137.805656	4.262194	1.653862	2.577115	59
5138.856322	4.175849	1.686489	2.476061	60
5139.851242	4.448687	1.690973	2.630844	61
5140.888991	4.015761	1.651055	2.432240	62
5141.901127	4.312428	1.687969	2.554802	63
5142.931608	4.175389	1.689355	2.471588	64
5143.937327	4.417372	1.694268	2.607245	65
5144.981880	4.173470	1.678227	2.486833	66
5145.978730	4.331583	1.660807	2.608119	67
5147.025256	4.126375	1.673954	2.465048	68
5148.019752	4.422764	1.675645	2.639440	69
5149.061404	4.031660	1.651624	2.441028	70
5150.068612	4.357479	1.675042	2.601414	71
5151.105867	4.108416	1.653026	2.485392	72
5152.101891	4.425317	1.693826	2.612616	73
5153.156011	4.240956	1.711942	2.477278	74
5154.154313	4.310138	1.692677	2.546344	75
5155.196153	4.328386	1.687824	2.564478	76
5156.199762	4.261154	1.685119	2.528697	77
5157.225998	4.350795	1.670849	2.603942	78
5158.239725	4.152239	1.659966	2.501400	79
5159.270272	4.484581	1.681347	2.667255	80
5160.286428	4.167561	1.680071	2.480586	81
5161.310638	4.440987	1.678829	2.645288	82
5162.330348	4.188721	1.687602	2.482055	83
5163.347499	4.401562	1.694690	2.597268	84
5164.376944	4.334511	1.696169	2.555472	85
5165.393457	4.373987	1.694556	2.581200	86
5166.407613	4.452704	1.694514	2.627717	87
5167.448391	4.309585	1.699894	2.535208	88
5168.445651	4.554808	1.695081	2.687074	89
5169.486479	4.047420	1.636175	2.473709	90
5170.493289	4.430051	1.670124	2.652529	91
5171.537747	4.285601	1.700228	2.520604	92
5172.527575	4.462184	1.692967	2.635718	93
5173.581179	4.321617	1.700802	2.540929	94
5174.570676	4.401917	1.670836	2.634559	95
5175.614904	4.296247	1.681192	2.555477	96
5176.621959	4.313982	1.655920	2.605187	97
5177.656164	4.208486	1.653166	2.545712	98
5178.657878	4.336936	1.685079	2.573729	99
5179.705716	4.458504	1.698029	2.625694	100
5180.700857	4.358737	1.685380	2.586206	101
5181.739922	4.399654	1.682491	2.614964	102
5182.751563	4.356262	1.676653	2.598189	103
5183.781410	4.283100	1.639906	2.611795	104
5184.794489	4.266203	1.643840	2.595267	105
5185.825606	4.284677	1.659140	2.582469	106
5186.827804	4.301337	1.652891	2.602311	107
5187.876742	4.450344	1.702141	2.614556	108
5188.877123	4.509497	1.703004	2.647966	109
5189.912434	4.319871	1.683945	2.565329	110
5190.918536	4.516178	1.699747	2.656971	111
5191.954676	4.266991	1.642631	2.597657	112
5192.952419	4.490478	1.695598	2.648314	113
5194.005358	4.338926	1.701664	2.549814	114
5195.003807	4.567125	1.704052	2.680156	115
5196.038656	4.362129	1.690484	2.580402	116
5197.039779	4.567657	1.659647	2.752186	117
5198.078258	4.357800	1.689317	2.579623	118
5199.085811	4.579937	1.699443	2.694964	119
5200.117769	4.435154	1.695935	2.615168	120
5201.140108	4.430000	1.681640	2.634334	121
5202.156807	4.396597	1.638172	2.683843	122
5203.178258	4.404722	1.685087	2.613943	123
5204.204384	4.561637	1.689575	2.699872	124
5205.222591	4.308926	1.676423	2.570309	125
5206.239103	4.436355	1.658069	2.675615	126
5207.263761	4.263710	1.658376	2.571015	127
5208.291080	4.477558	1.683399	2.659831	128
5209.311092	4.449808	1.704156	2.611151	129
5210.329958	4.359908	1.642357	2.654666	130
5211.341875	4.337912	1.634746	2.653569	131
5212.384630	4.453975	1.694615	2.628310	132
5213.389685	4.508404	1.702044	2.648817	133
5214.421415	4.438107	1.688748	2.628046	134
5215.421180	4.426630	1.654830	2.674975	135
5216.472456	4.394446	1.689017	2.601778	136
5217.471290	4.525151	1.692850	2.673097	137
5218.506746	4.388461	1.690407	2.596097	138
5219.513071	4.619436	1.696530	2.722873	139
5220.557713	4.348034	1.674388	2.596790	140
5221.547917	4.538641	1.665547	2.725015	141
5222.591957	4.385368	1.689114	2.596253	142
5223.598977	4.613570	1.703321	2.708573	143
5224.634317	4.277853	1.666207	2.567420	144
5225.633955	4.427659	1.643968	2.693275	145
5226.684299	4.419842	1.687803	2.618696	146
5227.677896	4.503841	1.681359	2.678692	147
5228.725479	4.508848	1.697609	2.655999	148
5229.729603	4.379681	1.661617	2.635794	149
5230.756569	4.523443	1.691516	2.674196	150
5231.776102	4.462121	1.698187	2.627579	151
5232.802438	4.596954	1.683721	2.730234	152
5233.821952	4.382200	1.677483	2.612367	153
5234.834254	4.648821	1.693345	2.745349	154
5235.867454	4.432572	1.692153	2.619487	155
5236.875189	4.602285	1.699152	2.708578	156
5237.902449	4.345880	1.669044	2.603814	157
5238.926707	4.611433	1.697005	2.717395	158
5239.943408	4.429507	1.683899	2.630506	159
5240.970996	4.581678	1.683492	2.721533	160
5241.991019	4.610308	1.695831	2.718612	161
5243.008691	4.541895	1.697388	2.675815	162
5244.022580	4.556473	1.669652	2.728996	163
5245.061507	4.406665	1.645679	2.677719	164
5246.062607	4.595366	1.673294	2.746299	165
5247.105932	4.502364	1.688053	2.667194	166
5248.110437	4.629782	1.677722	2.759565	167
5249.142990	4.416147	1.697401	2.601712	168
5250.151824	4.684054	1.671841	2.801735	169
5251.186030	4.422095	1.670702	2.646848	170
5252.186718	4.741326	1.692081	2.802069	171
5253.236585	4.484927	1.686286	2.659647	172
5254.236011	4.752074	1.703555	2.789504	173
5255.279941	4.466463	1.692198	2.639445	174
5256.270051	4.689443	1.668353	2.810822	175
5257.321871	4.538907	1.702841	2.665490	176
5258.312707	4.682523	1.688366	2.773406	177
5259.364218	4.407280	1.675336	2.630684	178
5260.355404	4.790106	1.706326	2.807263	179
5261.398099	4.450745	1.684826	2.641665	180
5262.398503	4.723270	1.694581	2.787279	181
5263.448452	4.482009	1.700871	2.635126	182
5264.449860	4.745700	1.696976	2.796563	183
5265.482701	4.470489	1.692367	2.641561	184
5266.485783	4.746941	1.694425	2.801505	185
5267.531645	4.565424	1.701756	2.682772	186
5268.537220	4.828710	1.695666	2.847677	187
5269.564754	4.645908	1.698830	2.734769	188
5270.574303	4.696727	1.695929	2.769413	189
5271.612292	4.567921	1.665440	2.742771	190
5272.619230	4.639619	1.688664	2.747510	191
5273.644498	4.679317	1.691865	2.765775	192
5274.672500	4.481701	1.640045	2.732669	193
5275.692416	4.760997	1.703817	2.794312	194
5276.709288	4.402347	1.658223	2.654858	195
5277.725243	4.594463	1.639194	2.802880	196
5278.760824	4.478606	1.682331	2.662143	197
5279.767215	4.797616	1.699419	2.823092	198
5280.793280	4.489420	1.693614	2.650793	199
5281.820539	4.787224	1.695080	2.824188	200
5282.833478	4.581836	1.689616	2.711761	201
5283.858609	4.714122	1.683504	2.800184	202
5284.880241	4.649882	1.698111	2.738268	203
5285.911723	4.781817	1.703885	2.806420	204
5286.912587	4.621498	1.686334	2.740558	205
5287.949051	4.665615	1.690613	2.759719	206
5288.952142	4.703593	1.686366	2.789189	207
5289.998185	4.741695	1.706088	2.779279	208
5290.995959	4.707852	1.693203	2.780442	209
5292.034393	4.619075	1.693588	2.727391	210
5293.046602	4.667016	1.665940	2.801430	211
5294.077165	4.621776	1.689902	2.734938	212
5295.080379	4.643466	1.666433	2.786471	213
5296.127341	4.616853	1.675734	2.755122	214
5297.123716	4.722012	1.685717	2.801189	215
5298.162008	4.631906	1.692867	2.736132	216
5299.166954	4.622875	1.680989	2.750093	217
5300.210552	4.715867	1.705269	2.765468	218
5301.211065	4.728558	1.684250	2.807516	219
5302.243176	4.793324	1.692356	2.832338	220
5303.264632	4.678191	1.696573	2.757437	221
5304.282259	4.798543	1.694203	2.832330	222
5305.301668	4.601129	1.682534	2.734642	223
5306.321787	4.774046	1.673982	2.851910	224
5307.354779	4.536097	1.676791	2.705226	225
5308.362342	4.913359	1.694466	2.899650	226
5309.391998	4.504615	1.648935	2.731833	227
5310.413675	4.749240	1.699499	2.794494	228
5311.433486	4.620376	1.695118	2.725696	229
5312.447846	4.809959	1.672466	2.875968	230
5313.481621	4.551498	1.658532	2.744293	231
5314.493574	4.860949	1.709764	2.843053	232
5315.513602	4.773348	1.691475	2.822004	233
5316.537782	4.568234	1.647710	2.772475	234
5317.562748	4.885426	1.706757	2.862404	235
5318.582192	4.638899	1.664361	2.787196	236
5319.594840	4.833956	1.695310	2.851370	237
5320.634224	4.545602	1.661358	2.736076	238
5321.636461	4.914187	1.694445	2.900174	239
5322.670423	4.709859	1.688862	2.788777	240
5323.685714	4.855068	1.701469	2.853458	241
