time (s)	theta (A)	maj axis/z0	min axis/z0	crossing#mod 255
8103.426137	94.167465	0.545615	-0.259118	125
8105.461374	93.211845	0.543938	-0.258415	127
8107.500749	93.077332	0.537191	-0.258489	129
8109.555780	94.091591	0.542479	-0.253938	131
8111.607978	94.410774	0.551766	-0.250569	133
8113.645626	93.542908	0.557061	-0.248315	135
8115.681864	93.052078	0.550160	-0.250041	137
8117.728782	93.186852	0.549413	-0.247366	139
8119.780263	94.111877	0.556827	-0.242730	141
8121.830625	94.772392	0.562169	-0.240605	143
8123.876222	94.583153	0.566858	-0.239158	145
8125.921178	94.355110	0.569075	-0.237619	147
8127.965001	94.157219	0.571544	-0.236210	149
8130.009178	94.080406	0.573792	-0.234885	151
8132.054124	94.174980	0.575010	-0.232406	153
8134.101141	94.498451	0.579092	-0.230445	155
8136.146950	94.980843	0.583042	-0.229113	157
8138.191037	95.148323	0.587307	-0.227950	159
8140.232497	94.525253	0.591968	-0.227516	161
8142.273424	93.195648	0.593242	-0.227391	163
8144.312245	91.972122	0.588806	-0.226962	165
8146.357541	92.431183	0.587085	-0.222650	167
8148.410294	93.746353	0.592140	-0.219329	169
8150.459860	94.761635	0.600601	-0.218312	171
8152.501049	94.321945	0.607496	-0.218916	173
8154.539390	92.525520	0.606758	-0.218494	175
8156.581408	91.838181	0.602101	-0.216838	177
8158.627435	92.382469	0.603938	-0.215002	179
8160.677733	93.236000	0.609796	-0.212652	181
8162.726243	93.832031	0.615840	-0.211118	183
8164.772234	94.177750	0.619375	-0.210482	185
8166.816680	94.171745	0.621861	-0.209101	187
8168.860418	94.034004	0.623993	-0.207626	189
8170.905265	93.878075	0.626227	-0.206736	191
8172.950271	93.721848	0.628281	-0.205463	193
8174.994150	93.344376	0.630484	-0.204092	195
8177.036853	92.869102	0.633509	-0.202735	197
8179.076462	92.484955	0.633921	-0.202240	199
8181.115958	92.226433	0.631593	-0.202645	201
8183.160142	92.119644	0.629313	-0.201803	203
8185.207860	92.484573	0.634681	-0.199449	205
8187.257802	93.073479	0.640822	-0.197413	207
8189.304716	93.075699	0.645365	-0.196563	209
8191.348635	92.697472	0.650427	-0.195187	211
8193.388089	92.348343	0.652051	-0.194825	213
8195.427278	92.073372	0.649058	-0.195893	215
8197.470610	91.898193	0.648382	-0.195656	217
8199.516090	91.824181	0.649452	-0.193958	219
8201.561867	91.809662	0.652707	-0.192321	221
8203.606981	91.906212	0.657569	-0.191129	223
8205.652513	91.871193	0.661474	-0.190036	225
8207.695570	91.741180	0.663540	-0.189355	227
8209.738669	91.358582	0.665382	-0.189389	229
8211.781102	91.049553	0.664082	-0.188908	231
8213.825430	91.116852	0.664463	-0.187338	233
8215.870801	91.541374	0.667606	-0.185614	235
8217.919738	92.077934	0.672060	-0.183741	237
8219.967688	92.753609	0.677310	-0.182447	239
8222.013119	93.188545	0.681365	-0.181941	241
8224.055378	92.919449	0.685986	-0.181954	243
8226.095606	91.936226	0.687053	-0.181933	245
8228.136851	90.926361	0.683254	-0.181320	247
8230.178202	90.469032	0.679671	-0.180372	249
8232.222376	90.682678	0.680325	-0.179346	251
8234.268403	91.105743	0.684415	-0.178297	253
8236.314578	91.348969	0.688991	-0.177064	255
8238.360615	91.554405	0.693024	-0.176517	1
8240.405360	91.565804	0.695797	-0.175212	3
8242.449492	91.460930	0.698153	-0.174966	5
8244.492580	91.290703	0.700761	-0.174595	7
8246.534683	91.113762	0.702170	-0.174452	9
8248.576409	90.958549	0.701425	-0.174037	11
8250.618351	90.811890	0.699460	-0.173732	13
8252.662050	90.675095	0.698974	-0.172836	15
8254.707862	90.753098	0.701908	-0.171689	17
8256.754843	91.091377	0.706785	-0.170173	19
8258.801922	91.491379	0.711628	-0.169353	21
8260.847983	91.563278	0.714234	-0.168841	23
8262.892811	91.318962	0.717330	-0.168206	25
8264.935570	91.064713	0.719351	-0.167315	27
8266.976351	90.790291	0.720397	-0.166998	29
8269.017022	90.612656	0.719427	-0.167422	31
8271.058947	90.417915	0.717404	-0.167168	33
8273.101604	90.245087	0.716568	-0.167166	35
8275.145230	89.981171	0.717636	-0.166827	37
8277.189137	89.948692	0.719754	-0.166207	39
8279.232788	89.787674	0.721950	-0.165920	41
8281.276599	89.696396	0.723563	-0.165644	43
8283.320683	89.722496	0.725884	-0.165032	45
8285.365417	89.850624	0.728923	-0.164336	47
8287.411021	90.068542	0.732237	-0.163167	49
8289.457694	90.364456	0.735423	-0.162196	51
8291.504342	90.707153	0.738853	-0.161124	53
8293.549609	91.068016	0.741526	-0.160584	55
8295.593594	91.196869	0.744075	-0.160424	57
8297.636149	91.074020	0.746433	-0.160039	59
8299.677803	90.571312	0.747618	-0.159766	61
8301.719100	89.898277	0.746480	-0.159531	63
8303.760714	89.315491	0.744299	-0.159371	65
8305.802754	88.960960	0.742451	-0.159100	67
8307.845802	88.906372	0.742277	-0.158998	69
8309.889243	89.003410	0.742719	-0.158463	71
8311.933127	89.074356	0.744047	-0.157710	73
8313.977891	89.201500	0.746903	-0.157132	75
8316.022120	89.227837	0.749676	-0.156465	77
8318.065460	89.205986	0.750875	-0.156445	79
8320.108697	89.147232	0.752117	-0.156152	81
8322.151759	89.057449	0.753699	-0.156244	83
8324.194851	88.922874	0.752205	-0.156137	85
8326.238403	88.860779	0.753383	-0.155663	87
8328.282798	88.815857	0.755348	-0.155504	89
8330.327473	88.821785	0.757963	-0.154858	91
8332.372956	89.106750	0.762577	-0.154098	93
8334.418602	89.343796	0.767125	-0.153888	95
8336.463882	89.495995	0.770704	-0.153646	97
8338.508882	89.635460	0.772855	-0.153434	99
8340.553837	89.553947	0.773054	-0.153010	101
8342.597207	89.395027	0.774498	-0.152285	103
8344.640245	89.185081	0.775704	-0.151925	105
8346.682444	88.951599	0.776431	-0.151650	107
8348.723969	88.775116	0.776286	-0.151714	109
8350.765894	88.660355	0.776665	-0.151957	111
8352.808188	88.539444	0.776563	-0.152464	113
8354.850881	88.395226	0.775635	-0.152406	115
8356.893767	88.240303	0.775310	-0.152425	117
8358.937252	88.140961	0.776811	-0.152271	119
8360.980895	88.099724	0.779103	-0.152393	121
8363.024854	88.053116	0.781072	-0.152169	123
8365.069234	88.092010	0.782064	-0.151531	125
8367.114214	88.243370	0.783971	-0.150470	127
8369.159472	88.332588	0.785531	-0.149944	129
8371.204644	88.465736	0.786848	-0.149130	131
8373.249615	88.664757	0.789435	-0.149161	133
8375.293941	88.831787	0.791136	-0.148712	135
8377.337794	88.885933	0.792684	-0.148719	137
8379.381012	88.903923	0.794805	-0.148917	139
8381.423422	88.760834	0.796894	-0.149015	141
8383.465758	88.443962	0.797889	-0.148920	143
8385.507755	88.078285	0.798034	-0.149014	145
8387.549937	87.700790	0.798702	-0.149238	147
8389.592096	87.328690	0.798589	-0.149484	149
8391.634444	87.013573	0.796389	-0.149860	151
8393.677021	86.859650	0.796119	-0.150203	153
8395.719794	86.761139	0.795846	-0.150018	155
8397.762963	86.678108	0.795407	-0.150246	157
8399.806022	86.684570	0.796213	-0.150376	159
8401.849663	86.636787	0.796813	-0.150256	161
8403.892924	86.608017	0.796284	-0.149789	163
