time (s)	theta (A)	maj axis/z0	min axis/z0	crossing#mod 255
3529.283711	314.129517	0.673215	0.209379	21
3531.326160	313.999298	0.672959	0.209128	23
3533.367189	313.835114	0.673359	0.208142	25
3535.414068	313.660583	0.674116	0.207071	27
3537.456628	313.033813	0.675404	0.207752	29
3539.505365	312.478119	0.674585	0.206574	31
3541.547804	311.930389	0.676823	0.206292	33
3543.585929	312.329224	0.680839	0.206311	35
3545.625909	313.539215	0.684759	0.205777	37
3547.660465	314.297302	0.681379	0.206434	39
3549.705955	313.871857	0.678739	0.203605	41
3551.755961	312.383850	0.680761	0.202896	43
3553.801764	311.100555	0.683796	0.203187	45
3555.842499	311.601593	0.690967	0.204411	47
3557.878350	312.884430	0.693549	0.204582	49
3559.917931	313.501373	0.690057	0.204208	51
3561.962369	313.095276	0.688976	0.202644	53
3564.007372	312.345428	0.691317	0.202134	55
3566.054302	311.696381	0.693447	0.202069	57
3568.098703	311.267517	0.695530	0.202218	59
3570.142985	311.015320	0.698075	0.202333	61
3572.184783	310.958435	0.699993	0.202467	63
3574.227393	310.986969	0.703245	0.202039	65
3576.267559	311.058075	0.705551	0.201298	67
3578.307699	311.167969	0.707074	0.200428	69
3580.347184	311.317413	0.706987	0.200339	71
3582.387699	311.458679	0.704842	0.199455	73
3584.431621	311.360291	0.705250	0.198765	75
3586.478396	310.846283	0.707690	0.198874	77
3588.525397	310.290344	0.709633	0.199465	79
3590.570787	310.113770	0.713406	0.199798	81
3592.610715	310.108459	0.718932	0.198337	83
3594.647499	310.186462	0.718303	0.196936	85
3596.687165	310.500336	0.715023	0.196378	87
3598.729937	310.612579	0.713841	0.195678	89
3600.773967	310.355652	0.716821	0.195485	91
3602.818987	309.961700	0.720177	0.195058	93
3604.863732	309.504639	0.722066	0.194807	95
3606.907719	309.176880	0.723690	0.194609	97
3608.951245	308.914062	0.724836	0.193844	99
3610.993940	308.745514	0.726831	0.193683	101
3613.035086	308.765106	0.729680	0.194116	103
3615.076349	308.996094	0.730629	0.193496	105
3617.117850	309.101318	0.733104	0.192742	107
3619.158355	309.521301	0.734428	0.192674	109
3621.198858	309.870728	0.733894	0.192413	111
3623.240813	309.865051	0.731681	0.191619	113
3625.284882	309.413574	0.731728	0.190739	115
3627.331609	308.593445	0.732537	0.189376	117
3629.378229	307.747040	0.733111	0.189582	119
3631.423048	307.169861	0.735739	0.189222	121
3633.464003	307.283966	0.739680	0.188523	123
3635.503335	307.843292	0.743562	0.188117	125
3637.542929	308.504791	0.745025	0.187710	127
3639.583497	308.929932	0.744462	0.187063	129
3641.624967	309.012787	0.744052	0.187172	131
3643.667250	308.789551	0.744614	0.186826	133
3645.710558	308.528931	0.746053	0.186244	135
3647.753905	308.242920	0.748301	0.185851	137
3649.796831	308.021973	0.749363	0.185287	139
3651.839529	307.903046	0.751840	0.185285	141
3653.881930	307.804626	0.753168	0.184792	143
3655.924213	307.809753	0.755278	0.184673	145
3657.966588	307.793457	0.756572	0.184629	147
3660.009363	307.774139	0.757858	0.184013	149
3662.052732	307.653381	0.759107	0.183484	151
3664.096789	307.369263	0.761162	0.182510	153
3666.141661	306.896576	0.762986	0.182013	155
3668.187308	306.429169	0.764621	0.182264	157
3670.232633	306.091187	0.766741	0.182969	159
3672.276739	306.111481	0.769771	0.183007	161
3674.317633	306.182617	0.772843	0.181962	163
3676.357110	306.140472	0.775398	0.180813	165
3678.396643	306.211731	0.774538	0.180375	167
3680.437233	306.445343	0.773154	0.180427	169
3682.479183	306.689484	0.773488	0.179791	171
3684.522100	306.645782	0.775118	0.179451	173
3686.565207	306.600983	0.776903	0.179364	175
3688.608376	306.569244	0.778982	0.179176	177
3690.650787	306.560852	0.780889	0.178584	179
3692.693248	306.544434	0.781543	0.178519	181
3694.735721	306.537292	0.782911	0.178549	183
3696.778497	306.377869	0.783714	0.178278	185
3698.822101	306.005768	0.785059	0.177854	187
3700.866908	305.597626	0.787054	0.177393	189
3702.912743	305.062347	0.789026	0.176991	191
3704.958267	304.508911	0.789972	0.176692	193
3707.002104	304.111053	0.792529	0.176893	195
3709.044311	304.003082	0.795870	0.176709	197
3711.085333	304.297028	0.799045	0.176122	199
3713.125985	304.627258	0.800762	0.175418	201
3715.167251	304.917847	0.801547	0.174534	203
3717.208525	305.180725	0.802964	0.174057	205
3719.250531	305.303741	0.803573	0.173575	207
3721.292814	305.254669	0.803718	0.172891	209
3723.335439	305.243896	0.804867	0.173139	211
3725.377882	305.136505	0.806421	0.172763	213
3727.420882	305.056305	0.807865	0.172178	215
3729.463908	304.894531	0.808557	0.171888	217
3731.507431	304.692871	0.810223	0.171300	219
3733.551229	304.421844	0.812489	0.170918	221
3735.595260	304.064270	0.813342	0.170613	223
3737.639860	303.760895	0.814911	0.170740	225
3739.684484	303.518250	0.816016	0.170867	227
3741.728613	303.375183	0.817034	0.171263	229
3743.771619	303.360413	0.819734	0.170686	231
3745.812990	303.475433	0.823734	0.169850	233
3747.853279	303.483856	0.826273	0.169195	235
3749.893610	303.598511	0.826246	0.168862	237
3751.934572	303.698120	0.824457	0.168387	239
3753.976212	303.806763	0.824053	0.168258	241
3756.018615	303.914642	0.825118	0.168238	243
3758.061277	304.000366	0.825867	0.167957	245
3760.104060	303.941254	0.827476	0.167434	247
3762.146908	303.918549	0.829283	0.167118	249
3764.188817	303.819763	0.831010	0.167848	251
3766.233602	303.483978	0.832000	0.165167	253
3768.277361	303.302521	0.833925	0.165961	255
3770.321836	302.976288	0.836243	0.166251	1
3772.367215	302.654327	0.837978	0.165635	3
3774.411919	302.253632	0.839431	0.165712	5
3776.455716	301.936096	0.840209	0.165463	7
3778.498126	301.826508	0.843075	0.165331	9
3780.539980	301.894867	0.845424	0.164702	11
3782.581547	302.088776	0.847483	0.163744	13
3784.623044	302.297150	0.849069	0.163141	15
3786.665141	302.418823	0.849733	0.162666	17
3788.707489	302.450897	0.850529	0.161665	19
3790.750122	302.438904	0.852719	0.162008	21
3792.792642	302.393738	0.854529	0.161717	23
3794.835837	302.218445	0.857043	0.161725	25
3796.879340	302.110840	0.858835	0.161478	27
3798.922898	301.885834	0.859366	0.161489	29
3800.967129	301.702179	0.859710	0.161123	31
3803.010806	301.550049	0.861058	0.161424	33
3805.054839	301.436432	0.862710	0.161711	35
3807.097834	301.456360	0.865071	0.161796	37
3809.139903	301.573486	0.868095	0.161596	39
3811.181003	301.581024	0.869917	0.160534	41
3813.221584	301.578491	0.871774	0.159806	43
3815.262697	301.669983	0.871517	0.159378	45
3817.304077	301.734161	0.871224	0.159131	47
3819.346189	301.891449	0.871098	0.158724	49
3821.388552	301.942291	0.871453	0.158649	51
3823.431340	301.957336	0.874020	0.157535	53
3825.474180	301.983032	0.875970	0.158444	55
3827.517440	301.865326	0.877969	0.158246	57
