time (s)	energy (uJ)	charge (mC)	voltage (mV)	crossing#mod 255
8935.289869	8.038422	6.832650	1.176472	173
8935.289869	8.038422	6.832650	1.176472	174
8936.266815	9.783974	6.837981	1.430828	175
8937.335218	7.607521	6.825851	1.114516	176
8938.304475	8.807802	6.837010	1.288254	177
8939.388924	7.899540	6.818281	1.158582	178
8940.345689	9.364833	6.812978	1.374558	179
8941.440005	7.199150	6.837166	1.052943	180
8942.381725	9.595163	6.832846	1.404271	181
8943.478253	7.285172	6.821188	1.068021	182
8944.432093	9.855244	6.822220	1.444580	183
8945.524287	7.305336	6.828042	1.069902	184
8946.469311	9.015503	6.834424	1.319131	185
8947.572729	8.373310	6.834847	1.225091	186
8948.519541	8.512405	6.823903	1.247439	187
8949.596402	8.351999	6.834285	1.222074	188
8950.580200	9.338007	6.805291	1.372169	189
8951.642356	7.445596	6.839455	1.088624	190
8952.609766	9.149837	6.827631	1.340119	191
8953.704447	7.802397	6.817873	1.144403	192
8954.648424	9.338972	6.832061	1.366933	193
8955.742577	6.924937	6.836970	1.012866	194
8956.697614	9.788371	6.806319	1.438130	195
8957.789730	7.754844	6.836246	1.134372	196
8958.742550	9.404737	6.849365	1.373082	197
8959.827672	7.949753	6.835918	1.162939	198
8960.792470	9.424703	6.839061	1.378070	199
8961.867849	8.206618	6.835720	1.200549	200
8962.830366	8.525145	6.829021	1.248370	201
8963.909330	8.181931	6.835484	1.196979	202
8964.884497	9.367562	6.852054	1.367118	203
8965.962717	8.564848	6.825415	1.254847	204
8966.918011	8.905304	6.826086	1.304599	205
8968.005625	8.661619	6.818540	1.270304	206
8968.963049	8.824403	6.841152	1.289900	207
8970.039595	8.357144	6.823525	1.224755	208
8971.017209	9.286309	6.837661	1.358112	209
8972.097505	8.471100	6.808804	1.244139	210
8973.057906	9.274283	6.837083	1.356468	211
8974.145530	8.387500	6.815624	1.230628	212
8975.098774	9.463089	6.832214	1.385069	213
8976.180647	7.616493	6.831638	1.114885	214
8977.139654	9.928885	6.814070	1.457115	215
8978.238473	8.066298	6.825625	1.181767	216
8979.173613	9.473299	6.834048	1.386191	217
8980.277229	8.128988	6.836090	1.189128	218
8981.234687	9.819060	6.830832	1.437462	219
8982.306386	7.592668	6.833519	1.111092	220
8983.274978	8.996906	6.821189	1.318965	221
8984.356874	8.428865	6.822244	1.235498	222
8985.318809	8.632059	6.812044	1.267176	223
8986.388760	8.233556	6.817760	1.207663	224
8987.358605	8.936619	6.829122	1.308604	225
8988.450811	8.475422	6.806957	1.245112	226
8989.398591	8.910169	6.847707	1.301190	227
8990.489057	7.915235	6.827236	1.159362	228
8991.449085	9.404633	6.832032	1.376550	229
8992.534198	7.392670	6.825001	1.083175	230
8993.482051	9.406880	6.831425	1.377001	231
8994.575658	7.658774	6.824544	1.122240	232
8995.541999	9.566749	6.833211	1.400037	233
8996.615962	7.689122	6.837973	1.124474	234
8997.578330	9.152723	6.837091	1.338687	235
8998.667804	8.117595	6.828608	1.188763	236
8999.624386	9.099760	6.817687	1.334729	237
9000.700111	7.660088	6.817106	1.123657	238
9001.681881	9.431139	6.845843	1.377645	239
9002.744523	7.970696	6.807461	1.170877	240
9003.713340	9.071275	6.826899	1.328755	241
9004.790081	7.665975	6.812583	1.125267	242
9005.768653	9.324266	6.813715	1.368456	243
9006.833660	7.700570	6.808267	1.131062	244
9007.798499	9.400341	6.798195	1.382770	245
9008.881736	7.401832	6.821343	1.085099	246
9009.851365	9.636939	6.807892	1.415554	247
9010.937754	7.871879	6.836057	1.151523	248
9011.881152	9.321899	6.827840	1.365278	249
9012.984814	7.953269	6.815262	1.166979	250
9013.923467	8.766418	6.814773	1.286385	251
9015.015849	7.958737	6.837665	1.163956	252
9015.979018	9.333793	6.829169	1.366754	253
9017.058044	8.117064	6.840602	1.186601	254
9018.018646	8.290987	6.810338	1.217412	255
9019.094144	8.435421	6.816936	1.237421	0
9020.077020	9.134452	6.824926	1.338396	1
9021.136839	8.464921	6.825478	1.240195	2
9022.110210	8.610003	6.796112	1.266901	3
9023.192067	8.582884	6.838787	1.255030	4
9024.154874	8.910665	6.815695	1.307374	5
9025.228389	7.450709	6.823465	1.091925	6
9026.205233	9.710268	6.834430	1.420787	7
9027.288013	7.971220	6.834208	1.166371	8
9028.233523	9.246711	6.814631	1.356891	9
9029.324557	7.419677	6.820199	1.087897	10
9030.286314	9.417233	6.826709	1.379469	11
9031.368337	7.836275	6.813760	1.150066	12
9032.318597	8.969021	6.830936	1.313000	13
9033.423906	8.138605	6.821832	1.193023	14
9034.363882	8.689420	6.839089	1.270552	15
9035.455965	8.047977	6.810512	1.181699	16
9036.420072	9.073701	6.837668	1.327017	17
9037.499625	7.957976	6.838108	1.163769	18
9038.456465	8.568303	6.838757	1.252904	19
9039.552460	8.454122	6.821191	1.239391	20
9040.498867	8.379689	6.831205	1.226678	21
9041.586968	7.810802	6.826466	1.144194	22
9042.551382	9.052358	6.827218	1.325922	23
9043.631228	7.761341	6.801792	1.141073	24
9044.594661	9.335348	6.824238	1.367969	25
9045.675202	7.854846	6.819975	1.151741	26
9046.628646	8.562720	6.809338	1.257497	27
9047.731163	8.003700	6.814419	1.174524	28
9048.671896	8.986166	6.831035	1.315491	29
9049.761345	7.665456	6.803828	1.126639	30
9050.731515	9.176416	6.815994	1.346306	31
9051.812821	8.376346	6.828161	1.226735	32
9052.768651	8.954848	6.834404	1.310260	33
9053.843027	7.889486	6.832224	1.154746	34
9054.827451	8.973637	6.828648	1.314116	35
9055.882653	7.962366	6.827829	1.166164	36
9056.870346	8.820033	6.807261	1.295680	37
9057.938474	8.640437	6.842507	1.262759	38
9058.901137	8.584573	6.831015	1.256705	39
9059.974288	8.366173	6.828003	1.225274	40
9060.954136	8.688033	6.811929	1.275415	41
9062.032378	8.294168	6.815266	1.216999	42
9062.983222	7.987080	6.817597	1.171539	43
9064.070914	8.089051	6.824207	1.185347	44
9065.035748	9.190798	6.815281	1.348557	45
9066.125240	8.369262	6.816634	1.227771	46
9067.078508	9.028188	6.829050	1.322027	47
9068.158653	7.796496	6.824234	1.142472	48
9069.122510	9.113371	6.816301	1.336997	49
9070.201661	7.316534	6.828835	1.071418	50
9071.156090	8.780780	6.811639	1.289085	51
9072.254902	8.183393	6.818341	1.200203	52
9073.201750	8.512968	6.824491	1.247414	53
9074.287431	7.711623	6.830587	1.128984	54
9075.257358	9.102355	6.835746	1.331582	55
9076.342719	7.835465	6.830068	1.147202	56
9077.289415	8.855457	6.827167	1.297091	57
9078.375731	7.553737	6.816010	1.108234	58
9079.344117	9.261616	6.821622	1.357685	59
9080.420431	7.327002	6.824857	1.073576	60
9081.375610	8.754277	6.826626	1.282372	61
9082.476536	7.952044	6.843823	1.161930	62
9083.419397	8.419828	6.814030	1.235661	63
9084.510818	7.593449	6.819351	1.113515	64
9085.474804	8.728775	6.828889	1.278213	65
9086.563283	8.533467	6.828541	1.249677	66
9087.509663	7.980305	6.825756	1.169146	67
9088.593386	8.121842	6.800607	1.194282	68
9089.568702	8.602251	6.831038	1.259289	69
9090.643882	8.716067	6.816671	1.278640	70
9091.604571	7.783749	6.821805	1.141010	71
9092.684803	8.741087	6.816770	1.282292	72
9093.660665	8.572499	6.836810	1.253874	73
9094.717090	7.881728	6.835536	1.153052	74
9095.695132	8.011905	6.831294	1.172824	75
9096.771611	8.658484	6.832761	1.267202	76
9097.737779	8.076927	6.812216	1.185653	77
9098.807396	7.357706	6.817958	1.079166	78
9099.790364	8.826950	6.813253	1.295556	79
9100.855235	7.237571	6.831083	1.059506	80
9101.821375	8.407597	6.832273	1.230571	81
9102.912465	7.849043	6.815149	1.151705	82
9103.873004	9.141228	6.826572	1.339066	83
9104.946083	7.635308	6.820755	1.119423	84
9105.903392	8.326198	6.827270	1.219550	85
9107.003389	7.906248	6.833045	1.157061	86
9107.947960	8.293824	6.825804	1.215069	87
9109.036415	7.592203	6.829649	1.111653	88
9110.000663	8.833625	6.831556	1.293062	89
9111.091159	7.874061	6.810601	1.156148	90
9112.034987	8.238836	6.824467	1.207250	91
9113.124573	7.613818	6.800516	1.119594	92
9114.089432	8.666367	6.825547	1.269696	93
9115.168131	7.769929	6.837565	1.136359	94
9116.122425	8.135180	6.831254	1.190876	95
9117.222824	7.953220	6.829468	1.164545	96
9118.177199	8.517950	6.842786	1.244807	97
9119.254236	7.748638	6.812475	1.137419	98
9120.222219	8.643288	6.841145	1.263427	99
9121.298361	7.304929	6.825490	1.070243	100
9122.255545	8.391498	6.820764	1.230287	101
9123.352082	7.783621	6.832354	1.139230	102
9124.302430	8.123817	6.811936	1.192586	103
9125.383851	7.370854	6.790006	1.085545	104
9126.360057	8.659984	6.816605	1.270425	105
9127.425093	7.149001	6.817578	1.048613	106
9128.395778	7.807279	6.817369	1.145204	107
9129.465751	7.598684	6.818303	1.114454	108
9130.452108	8.205600	6.816104	1.203855	109
9131.518088	8.197643	6.817765	1.202394	110
9132.485824	7.846579	6.827482	1.149264	111
9133.551966	7.771580	6.829755	1.137900	112
9134.540375	7.875285	6.837571	1.151767	113
9135.605728	8.654152	6.816585	1.269573	114
9136.572678	7.738369	6.797095	1.138482	115
9137.641512	7.914852	6.828986	1.159008	116
9138.624517	7.918646	6.831194	1.159189	117
9139.686962	7.858359	6.815767	1.152968	118
9140.656746	7.815106	6.827831	1.144596	119
9141.743615	8.601551	6.837082	1.258074	120
9142.698391	7.177899	6.821736	1.052210	121
9143.781593	7.621048	6.827573	1.116216	122
9144.740640	7.701718	6.819987	1.129286	123
9145.835544	8.003566	6.832710	1.171360	124
9146.782760	7.385374	6.816960	1.083382	125
9147.868201	7.861537	6.839892	1.149366	126
9148.835353	8.450071	6.833681	1.236533	127
9149.914311	7.409803	6.827123	1.085348	128
9150.869371	8.028544	6.833322	1.174911	129
9151.968259	8.247664	6.830336	1.207505	130
9152.913822	7.984164	6.828215	1.169290	131
9153.998955	7.463758	6.843619	1.090616	132
9154.968590	8.465646	6.830490	1.239391	133
9156.043101	7.410073	6.832611	1.084516	134
9157.000809	7.729068	6.813422	1.134389	135
9158.098938	7.828605	6.839687	1.144585	136
9159.044023	7.771338	6.806731	1.141714	137
9160.131857	7.481108	6.822318	1.096564	138
9161.099250	8.246615	6.824989	1.208297	139
9162.175351	8.107072	6.810382	1.190399	140
9163.134319	7.690542	6.839642	1.124407	141
9164.218262	7.596668	6.821662	1.113610	142
9165.190130	7.942288	6.814380	1.165519	143
9166.258565	8.117462	6.818270	1.190546	144
9167.226972	7.552019	6.814114	1.108291	145
9168.311287	8.405825	6.820385	1.232456	146
9169.272001	7.356824	6.808096	1.080599	147
9170.341425	7.865047	6.825798	1.152253	148
9171.326991	8.026815	6.833743	1.174586	149
9172.384731	7.816207	6.820070	1.146060	150
9173.360998	7.538551	6.830378	1.103680	151
9174.426891	7.958805	6.839902	1.163585	152
9175.418852	7.731944	6.829667	1.132111	153
9176.468931	7.683285	6.801904	1.129579	154
9177.451106	7.375092	6.827516	1.080202	155
9178.513956	7.511117	6.826754	1.100247	156
9179.505667	8.169737	6.818021	1.198256	157
9180.558223	7.939128	6.825036	1.163236	158
9181.537540	7.474213	6.804030	1.098498	159
9182.613508	8.049885	6.842044	1.176532	160
9183.579632	7.747561	6.809342	1.137784	161
9184.651648	7.579280	6.811775	1.112673	162
9185.619762	7.871522	6.825900	1.153185	163
9186.705418	8.001175	6.828537	1.171726	164
9187.673214	8.401997	6.823689	1.231298	165
9188.739519	7.371967	6.818691	1.081141	166
9189.704223	7.781616	6.812600	1.142239	167
9190.786814	7.000459	6.805351	1.028670	168
9191.758825	8.289611	6.829620	1.213773	169
9192.840190	8.160104	6.829400	1.194849	170
9193.789751	8.001548	6.832414	1.171116	171
9194.874725	7.365348	6.826640	1.078913	172
9195.833706	7.831765	6.830742	1.146547	173
9196.928978	7.801685	6.829599	1.142334	174
9197.878086	7.640858	6.817879	1.120709	175
9198.971763	7.916886	6.826441	1.159738	176
9199.932427	8.082863	6.813686	1.186269	177
9201.015694	8.017512	6.831132	1.173673	178
9201.965652	7.716552	6.791030	1.136286	179
9203.059741	7.748853	6.837251	1.133329	180
9204.009677	7.931559	6.821289	1.162766	181
9205.091017	7.333597	6.826722	1.074249	182
9206.065081	8.396347	6.815055	1.232029	183
9207.132050	7.689921	6.799333	1.130982	184
9208.100122	7.750128	6.831973	1.134391	185
9209.186246	8.120005	6.820510	1.190528	186
9210.146530	7.626274	6.804450	1.120777	187
9211.217416	7.394365	6.825565	1.083334	188
9212.202018	8.166761	6.825930	1.196432	189
9213.260394	7.756087	6.830790	1.135460	190
9214.235653	7.596211	6.824952	1.113006	191
9215.313944	8.110230	6.826942	1.187974	192
9216.281334	7.584038	6.811655	1.113392	193
9217.346208	7.587024	6.832011	1.110511	194
9218.336721	8.061557	6.830408	1.180245	195
9219.387764	7.737718	6.810025	1.136225	196
9220.371120	7.149328	6.809336	1.049930	197
9221.442548	8.582981	6.835883	1.255578	198
9222.413660	7.367935	6.824836	1.079577	199
9223.474722	7.800218	6.832275	1.141672	200
9224.467463	7.549829	6.819825	1.107041	201
9225.518145	8.084257	6.835800	1.182635	202
9226.500989	7.251353	6.808393	1.065061	203
9227.572753	8.595815	6.815713	1.261176	204
9228.543507	7.050106	6.829696	1.032272	205
9229.619078	8.631787	6.825456	1.264646	206
9230.585370	6.992699	6.821869	1.025041	207
9231.664081	8.555741	6.834723	1.251805	208
9232.638884	7.675782	6.834797	1.123045	209
9233.697750	8.041327	6.828856	1.177551	210
9234.681832	7.613772	6.823201	1.115865	211
9235.744670	7.858590	6.810241	1.153937	212
