time (s)	theta (A)	maj axis/z0	min axis/z0	crossing#mod 255
10525.433970	341.493408	0.566278	0.201964	175
10527.464424	339.645569	0.548093	0.214494	177
10529.506255	338.137268	0.566976	0.197344	179
10531.560981	340.456848	0.577578	0.190090	181
10533.613023	342.397461	0.569315	0.201250	183
10535.651935	341.444794	0.554119	0.214621	185
10537.687028	339.232849	0.559172	0.208210	187
10539.734419	339.704865	0.579244	0.191244	189
10541.793456	342.645660	0.578606	0.194798	191
10543.833047	341.948120	0.557067	0.210023	193
10545.870525	340.387054	0.577660	0.194245	195
10547.930278	342.695618	0.572265	0.200415	197
10549.961189	341.242737	0.573831	0.197067	199
10552.018912	342.489166	0.569852	0.200195	201
10554.061721	342.157501	0.584670	0.197042	203
10556.097582	342.807953	0.576817	0.198195	205
10558.143818	343.791718	0.574401	0.197219	207
10560.188950	344.010040	0.576657	0.196346	209
10562.234042	344.653229	0.578485	0.196749	211
10564.280695	344.561646	0.578058	0.196101	213
10566.334391	342.769501	0.577905	0.193404	215
10568.382485	342.290649	0.590200	0.197126	217
10570.414612	345.612457	0.587810	0.195796	219
10572.474151	342.666534	0.579708	0.190141	221
10574.508243	345.655304	0.598095	0.199973	223
10576.564461	343.126801	0.581999	0.188315	225
10578.596149	346.353516	0.599700	0.199168	227
10580.655643	343.293579	0.590352	0.191446	229
10582.685875	347.114716	0.594275	0.193326	231
10584.745574	343.723511	0.600287	0.195376	233
10586.777063	347.210236	0.592433	0.189547	235
10588.835962	344.171356	0.602736	0.194452	237
10590.866875	347.615326	0.598570	0.191356	239
10592.927016	344.653442	0.598070	0.189600	241
10594.960955	346.920349	0.612471	0.196196	243
10597.004527	348.049774	0.600429	0.191280	245
10599.058464	345.891205	0.602487	0.190787	247
10601.106906	345.259979	0.607823	0.192339	249
10603.151922	346.379700	0.610042	0.191327	251
10605.194943	346.809357	0.611105	0.190453	253
10607.239076	346.512695	0.612309	0.190757	255
10609.287639	346.798645	0.613872	0.192050	1
10611.331226	347.494659	0.619485	0.190837	3
10613.366212	347.864014	0.617017	0.189378	5
10615.412202	348.336975	0.607035	0.190056	7
10617.468642	348.381897	0.616410	0.190654	9
10619.503609	348.157013	0.624065	0.186531	11
10621.548384	348.705139	0.608222	0.190964	13
10623.603639	349.024353	0.625707	0.188364	15
10625.635253	348.236908	0.619213	0.187083	17
10627.689719	349.435150	0.614594	0.190347	19
10629.735037	349.122375	0.632320	0.185862	21
10631.770126	349.036530	0.617468	0.188833	23
10633.827277	349.739075	0.620344	0.189164	25
10635.871129	349.550201	0.634272	0.187496	27
10637.906851	349.803558	0.626426	0.188062	29
10639.952942	350.485779	0.620892	0.186910	31
10642.004203	350.112366	0.625074	0.186204	33
10644.053630	349.593079	0.630670	0.186985	35
10646.097896	349.289154	0.632039	0.187609	37
10648.143466	349.518433	0.632628	0.187300	39
10650.189738	349.755005	0.632756	0.186764	41
10652.232223	349.899689	0.634917	0.186221	43
10654.273427	350.619476	0.637677	0.186372	45
10656.313408	352.264221	0.638458	0.187053	47
10658.355341	352.898346	0.633120	0.186988	49
10660.407407	351.640961	0.632193	0.184607	51
10662.456967	350.251526	0.637650	0.185392	53
10664.496028	351.943420	0.648043	0.187955	55
10666.534823	353.621796	0.639166	0.185627	57
10668.589031	351.831085	0.637241	0.183440	59
10670.635206	350.996643	0.645194	0.186147	61
10672.673092	353.531281	0.649146	0.186945	63
10674.715219	353.991058	0.639738	0.184084	65
10676.769173	352.374084	0.640529	0.183448	67
10678.816012	351.647614	0.644839	0.183617	69
10680.857648	352.689545	0.650151	0.183533	71
10682.897428	354.170715	0.650217	0.183058	73
10684.939127	355.005615	0.646486	0.183085	75
10686.984630	355.082886	0.646271	0.183152	77
10689.028756	354.850555	0.647833	0.182999	79
10691.073894	354.878265	0.647635	0.183200	81
10693.119924	354.968475	0.648321	0.182388	83
10695.164969	355.022095	0.649863	0.182085	85
10697.211322	355.110260	0.650601	0.180813	87
10699.259562	354.823547	0.650186	0.180027	89
10701.309627	354.374115	0.654772	0.181813	91
10703.354608	354.560669	0.659715	0.182464	93
10705.394572	354.983521	0.661304	0.180604	95
10707.433017	355.369812	0.653844	0.180340	97
10709.479426	355.737701	0.649690	0.179525	99
10711.533030	355.519623	0.655072	0.179547	101
10713.577865	355.405151	0.662942	0.180235	103
10715.618379	355.765900	0.664455	0.179329	105
10717.657223	356.184875	0.658940	0.179588	107
10719.700669	356.594910	0.656204	0.179168	109
10721.751865	356.613403	0.660169	0.178090	111
10723.799937	356.029602	0.664613	0.178387	113
10725.845660	355.893158	0.666515	0.178811	115
10727.892482	356.074921	0.666679	0.179896	117
10729.936776	356.227875	0.668034	0.179414	119
10731.980924	356.082947	0.668816	0.179312	121
10734.026581	356.236694	0.669846	0.179740	123
10736.071763	356.365082	0.669670	0.178534	125
10738.114842	356.414154	0.671394	0.178132	127
10740.156771	357.092743	0.673814	0.177552	129
10742.197607	358.196777	0.675679	0.177960	131
10744.238643	359.532745	0.672623	0.178980	133
10746.283855	359.205444	0.667759	0.178574	135
10748.333526	358.438965	0.671065	0.177571	137
10750.382867	357.617798	0.673434	0.177372	139
10752.428624	357.464478	0.676699	0.177191	141
10754.468748	358.550262	0.681149	0.176748	143
10756.508061	0.027097	0.678318	0.176687	145
10758.551644	0.505026	0.675407	0.177084	147
10760.598053	359.976318	0.676033	0.176753	149
10762.646020	359.523651	0.677390	0.176745	151
10764.693610	359.236725	0.680502	0.176601	153
10766.739793	359.229523	0.680991	0.176541	155
10768.785490	359.229736	0.682080	0.176350	157
10770.830095	359.471832	0.683822	0.176374	159
10772.873897	359.723907	0.685715	0.176270	161
10774.916705	0.080440	0.686729	0.175783	163
10776.958218	0.471516	0.687011	0.175221	165
10778.999058	0.793136	0.682674	0.174747	167
10781.040996	1.243318	0.679490	0.174377	169
10783.088158	1.407886	0.679675	0.173047	171
10785.137348	1.127204	0.683569	0.172412	173
10787.186570	0.833847	0.688225	0.173946	175
10789.232025	0.771715	0.691941	0.174888	177
10791.274851	1.108917	0.694474	0.174540	179
10793.315393	1.452777	0.694498	0.174230	181
10795.355773	1.928548	0.689575	0.173633	183
10797.398570	2.361154	0.685395	0.173006	185
10799.443407	2.695582	0.685724	0.172028	187
10801.490236	2.737039	0.688256	0.171027	189
10803.535462	2.803433	0.690863	0.170825	191
10805.580998	2.902317	0.692046	0.170792	193
10807.624374	3.214912	0.693843	0.170906	195
10809.668305	3.563601	0.694296	0.171256	197
10811.711560	3.846948	0.693439	0.171494	199
10813.756083	3.936745	0.694390	0.171712	201
10815.802425	3.642463	0.695382	0.172148	203
10817.850639	3.162949	0.697675	0.171767	205
10819.899599	2.747852	0.699115	0.171276	207
10821.945753	2.454619	0.699959	0.170955	209
10823.989379	2.426474	0.701478	0.170237	211
10826.031673	3.015350	0.705766	0.169750	213
10828.071589	4.153883	0.704648	0.169535	215
10830.113432	4.991336	0.703090	0.169650	217
10832.155201	5.273546	0.701254	0.170549	219
10834.198440	5.224405	0.699274	0.171366	221
10836.242528	4.882369	0.698486	0.171039	223
10838.287895	4.675200	0.699123	0.171603	225
10840.331668	4.600914	0.699530	0.172384	227
10842.374143	4.806596	0.698744	0.171881	229
10844.416922	4.836614	0.697045	0.172052	231
10846.459174	5.032715	0.695086	0.171190	233
10848.501258	5.457761	0.692898	0.170208	235
10850.542826	5.441573	0.689110	0.170783	237
10852.586525	5.786294	0.686940	0.170661	239
10854.627570	5.779632	0.684718	0.169994	241
10856.676993	5.563391	0.687215	0.169416	243
10858.722717	5.297735	0.687666	0.171630	245
10860.767428	5.122227	0.686419	0.173512	247
10862.812867	4.981120	0.684781	0.171460	249
10864.855446	5.132024	0.685395	0.172334	251
10866.896647	5.387463	0.687019	0.172470	253
10868.936394	5.635519	0.686261	0.172266	255
10870.976069	5.946560	0.684062	0.172157	1
10873.016176	6.363201	0.679920	0.172185	3
10875.057840	6.772006	0.676386	0.171825	5
10877.100612	6.964705	0.674770	0.171214	7
10879.143295	7.188958	0.673922	0.171238	9
10881.186188	7.316487	0.673430	0.170412	11
10883.228955	7.195434	0.672538	0.170932	13
10885.271774	7.569236	0.673971	0.171105	15
10887.315647	7.687868	0.672929	0.172150	17
10889.360512	7.420610	0.672720	0.171056	19
10891.405712	7.202229	0.672222	0.171734	21
10893.452120	6.900840	0.672371	0.171237	23
10895.497037	6.607487	0.670666	0.170849	25
10897.541900	6.437774	0.669551	0.170847	27
10899.585217	6.275479	0.668475	0.170645	29
10901.627214	6.508499	0.668730	0.169609	31
