crossing time (s)	slope (V/s)	crossing number
9788.723069	2.053025	9437
9789.767619	1.706183	9438
9790.760537	2.002517	9439
9791.804529	1.701242	9440
9792.816428	1.972772	9441
9793.847157	1.745055	9442
9794.851134	2.092071	9443
9795.900957	1.761323	9444
9796.899975	2.022571	9445
9797.933923	1.738630	9446
9798.947810	1.970082	9447
9799.987913	1.812288	9448
9800.982350	1.993252	9449
9802.032385	1.974095	9450
9803.037290	2.131491	9451
9804.067555	1.731248	9452
9805.080746	1.990868	9453
9806.121533	1.788384	9454
9807.116908	2.155484	9455
9808.169007	1.851848	9456
9809.164889	2.102126	9457
9810.207110	1.597093	9458
9811.217372	2.004512	9459
9812.246568	1.769962	9460
9813.262722	2.065271	9461
9814.293204	1.861790	9462
9815.305037	2.040444	9463
9816.338934	1.920052	9464
9817.349700	2.238465	9465
9818.382606	2.056412	9466
9819.392972	2.107865	9467
9820.427298	1.793192	9468
9821.440386	2.057077	9469
9822.470566	1.914498	9470
9823.486393	2.112649	9471
9824.515446	1.899113	9472
9825.527189	2.118624	9473
9826.567918	1.814842	9474
9827.564024	2.087393	9475
9828.618515	1.981481	9476
9829.607706	2.177255	9477
9830.656319	1.744159	9478
9831.662760	1.981749	9479
9832.693472	2.030469	9480
9833.707497	2.308814	9481
9834.747868	1.615271	9482
9835.741302	2.030930	9483
9836.798635	2.063061	9484
9837.789998	2.303563	9485
9838.830799	1.798444	9486
9839.843796	2.042207	9487
9840.874649	2.000849	9488
9841.879693	2.149627	9489
9842.931978	1.765089	9490
9843.918906	2.115962	9491
9844.973392	2.034921	9492
9845.970631	2.135256	9493
9847.007903	1.937901	9494
9848.021587	2.143398	9495
9849.052408	1.954410	9496
9850.064266	2.145301	9497
9851.101388	1.827055	9498
9852.102627	2.184833	9499
9853.152464	2.146804	9500
9854.142927	2.295609	9501
9855.199470	1.894223	9502
9856.186166	2.161488	9503
9857.244839	1.736680	9504
9858.230913	2.105584	9505
9859.289249	2.039628	9506
9860.275976	2.154087	9507
9861.333454	2.025614	9508
9862.320740	2.229217	9509
9863.376809	1.747463	9510
9864.368242	2.187493	9511
9865.417614	1.981182	9512
9866.417651	2.251641	9513
9867.456798	1.814725	9514
9868.466490	2.164832	9515
9869.500329	1.848726	9516
9870.509888	2.086254	9517
9871.548466	1.998382	9518
9872.546044	2.140028	9519
9873.601555	1.702558	9520
9874.588512	2.111016	9521
9875.645019	2.066197	9522
9876.638261	2.244060	9523
9877.679900	1.901021	9524
9878.687972	2.099709	9525
9879.725097	1.818269	9526
9880.730842	2.213515	9527
9881.774477	2.035421	9528
9882.766738	2.122765	9529
9883.828226	1.713466	9530
9884.810858	2.219842	9531
9885.866675	2.049595	9532
9886.863076	2.142949	9533
9887.904132	1.860635	9534
9888.910361	2.185713	9535
9889.947687	1.811835	9536
9890.957744	2.114092	9537
9891.992892	2.280696	9538
9893.000131	2.340240	9539
9894.035875	2.230784	9540
9895.041883	2.396584	9541
9896.083202	2.019718	9542
9897.086163	2.210669	9543
9898.128939	1.940317	9544
9899.131507	2.089290	9545
9900.172398	2.169118	9546
9901.177140	2.292238	9547
9902.214127	2.230277	9548
9903.222422	2.385046	9549
9904.258091	1.948655	9550
9905.268376	2.146320	9551
9906.303803	1.980793	9552
9907.311387	2.294804	9553
9908.352899	2.025777	9554
9909.349877	2.309751	9555
9910.403567	2.053293	9556
9911.389417	2.286217	9557
9912.451248	2.108553	9558
9913.434328	2.340986	9559
9914.491116	2.067252	9560
9915.485481	2.187219	9561
9916.528421	2.211327	9562
9917.534783	2.405714	9563
9918.570072	2.123489	9564
9919.578301	2.262653	9565
9920.620177	1.951335	9566
9921.616937	2.279334	9567
9922.670918	2.209527	9568
9923.656686	2.440191	9569
9924.718228	1.955035	9570
9925.700467	2.245472	9571
9926.761357	2.033064	9572
9927.748208	2.210824	9573
9928.801051	2.262448	9574
9929.795728	2.317196	9575
9930.842776	2.066246	9576
9931.843440	2.286073	9577
9932.885725	2.190247	9578
9933.888768	2.371281	9579
9934.929701	2.186298	9580
9935.932749	2.380045	9581
9936.974286	2.202303	9582
9937.976389	2.295563	9583
9939.020728	2.177419	9584
9940.019681	2.355749	9585
9941.067201	2.225449	9586
9942.060972	2.352084	9587
9943.114764	2.164278	9588
9944.103030	2.402361	9589
9945.162973	2.131736	9590
9946.145553	2.337372	9591
9947.207270	2.135225	9592
9948.191311	2.428735	9593
9949.247918	2.134666	9594
9950.241282	2.353399	9595
9951.287184	2.087092	9596
9952.290330	2.295123	9597
9953.329050	2.104989	9598
9954.335142	2.359818	9599
9955.375181	2.229733	9600
9956.375910	2.379450	9601
9957.424144	2.151650	9602
9958.415160	2.321329	9603
9959.473921	2.147668	9604
9960.456279	2.269651	9605
9961.519852	2.211677	9606
9962.501610	2.414501	9607
9963.562745	2.181654	9608
9964.548346	2.330567	9609
9965.603718	2.166561	9610
9966.595839	2.428865	9611
9967.646234	2.183561	9612
9968.641943	2.464977	9613
9969.689132	2.093609	9614
9970.687448	2.419957	9615
9971.733455	2.151468	9616
9972.731997	2.416775	9617
9973.778471	2.186108	9618
9974.775056	2.413041	9619
9975.824712	2.159141	9620
9976.817427	2.443741	9621
9977.871640	2.212830	9622
9978.858499	2.447509	9623
9979.919371	2.146211	9624
9980.900778	2.431559	9625
9981.966010	2.142536	9626
9982.945492	2.422043	9627
9984.008770	2.274216	9628
9984.992202	2.440778	9629
9986.048961	2.200765	9630
9987.041261	2.350628	9631
9988.088617	2.323658	9632
9989.089577	2.421052	9633
9990.129896	2.295068	9634
9991.135115	2.498303	9635
9992.174930	2.143638	9636
9993.178012	2.422314	9637
9994.223003	2.309712	9638
9995.218058	2.550870	9639
9996.271222	2.226032	9640
9997.258419	2.530923	9641
9998.320152	2.306861	9642
9999.300332	2.264745	9643
10000.365274	2.277660	9644
10001.345054	2.437491	9645
10002.410131	2.336580	9646
10003.389832	2.492850	9647
10004.453457	2.335367	9648
10005.434704	2.442177	9649
10006.497826	2.269301	9650
10007.479813	2.379844	9651
10008.541926	2.279110	9652
10009.524071	2.460278	9653
10010.587105	2.275341	9654
10011.567102	2.398034	9655
10012.632428	2.250415	9656
10013.611356	2.502819	9657
10014.676934	2.295669	9658
10015.656042	2.475733	9659
10016.719607	2.244085	9660
10017.702575	2.539005	9661
10018.760874	2.261470	9662
10019.750474	2.509444	9663
10020.801913	2.277135	9664
10021.798537	2.443895	9665
10022.843460	2.251981	9666
10023.844992	2.463080	9667
10024.886716	2.379173	9668
10025.888883	2.524401	9669
10026.931928	2.386730	9670
10027.931018	2.377072	9671
10028.979295	2.397567	9672
10029.972041	2.503000	9673
10031.026919	2.386490	9674
10032.013520	2.461896	9675
10033.074258	2.398248	9676
10034.055380	2.483488	9677
10035.120224	2.375337	9678
10036.098914	2.470360	9679
10037.165482	2.242101	9680
10038.143982	2.592432	9681
10039.210075	2.335884	9682
10040.188219	2.496793	9683
10041.252569	2.301181	9684
10042.233358	2.557922	9685
10043.295786	2.345346	9686
10044.278715	2.628981	9687
10045.339701	2.314641	9688
10046.321892	2.563304	9689
10047.385040	2.293625	9690
10048.365938	2.570897	9691
10049.431122	2.290921	9692
10050.409633	2.605959	9693
10051.476532	2.326922	9694
10052.453245	2.593406	9695
10053.520726	2.353999	9696
10054.498212	2.535269	9697
10055.564593	2.346922	9698
10056.543994	2.615307	9699
10057.606456	2.413908	9700
10058.590093	2.614649	9701
10059.648137	2.394389	9702
10060.637632	2.568024	9703
10061.688900	2.485563	9704
10062.684374	2.487110	9705
10063.730707	2.408470	9706
10064.731104	2.627038	9707
10065.774223	2.441612	9708
10066.775769	2.627851	9709
10067.818951	2.384474	9710
10068.818955	2.590975	9711
10069.864990	2.458814	9712
10070.861171	2.634676	9713
10071.912131	2.331317	9714
10072.903076	2.659053	9715
10073.959396	2.436296	9716
10074.944261	2.711236	9717
10076.006008	2.419186	9718
10076.986473	2.605857	9719
10078.052074	2.396405	9720
10079.029800	2.613314	9721
10080.097587	2.393583	9722
10081.074053	2.643735	9723
10082.141527	2.470131	9724
10083.118011	2.594891	9725
10084.185849	2.432662	9726
10085.162467	2.598930	9727
10086.230192	2.397985	9728
10087.207224	2.600777	9729
10088.274486	2.432802	9730
10089.251660	2.681690	9731
10090.318113	2.525585	9732
