crossing time (s)	slope (V/s)	crossing number
4634.253570	2.164864	4430
4635.245709	2.250699	4431
4636.292427	1.949931	4432
4637.296903	2.025643	4433
4638.330026	2.219521	4434
4639.342844	2.294864	4435
4640.374665	2.239144	4436
4641.375911	2.059358	4437
4642.428549	2.035745	4438
4643.421277	1.961959	4439
4644.461994	2.185810	4440
4645.472125	2.114425	4441
4646.504684	2.180164	4442
4647.508349	2.212625	4443
4648.557088	2.101332	4444
4649.550874	2.145615	4445
4650.591703	2.118834	4446
4651.604411	2.173266	4447
4652.635862	2.402829	4448
4653.636239	2.452843	4449
4654.687515	2.014223	4450
4655.681558	2.129353	4451
4656.722527	2.217825	4452
4657.733550	2.331009	4453
4658.763333	2.459189	4454
4659.770024	2.477386	4455
4660.816066	2.131574	4456
4661.809182	2.145180	4457
4662.858849	2.367615	4458
4663.856302	2.406740	4459
4664.896454	2.420832	4460
4665.904690	2.387953	4461
4666.937096	2.264466	4462
4667.951527	2.312496	4463
4668.977460	2.583191	4464
4669.993790	2.536896	4465
4671.019897	2.337408	4466
4672.036915	2.228824	4467
4673.064711	2.399493	4468
4674.082099	2.348337	4469
4675.108058	2.439479	4470
4676.124321	2.557527	4471
4677.151346	2.469244	4472
4678.166579	2.334110	4473
4679.199559	2.398149	4474
4680.205226	2.599399	4475
4681.246865	2.410744	4476
4682.242088	2.605248	4477
4683.293708	2.326078	4478
4684.287959	2.239551	4479
4685.331044	2.639121	4480
4686.339816	2.663430	4481
4687.366767	2.757906	4482
4688.383381	2.569562	4483
4689.417797	2.273655	4484
4690.419764	2.537791	4485
4691.466449	2.819689	4486
4692.460929	2.803201	4487
4693.504332	2.409372	4488
4694.515013	2.357239	4489
4695.542717	2.834596	4490
4696.558033	2.928030	4491
4697.590715	2.486682	4492
4698.592502	2.541441	4493
4699.641665	2.794773	4494
4700.635318	2.688376	4495
4701.681252	2.719893	4496
4702.683733	2.570301	4497
4703.718067	2.676408	4498
4704.732810	2.784520	4499
4705.758720	2.842157	4500
4706.775709	2.749579	4501
4707.804001	2.601246	4502
4708.817171	2.696331	4503
4709.851269	2.689415	4504
4710.858967	2.789248	4505
4711.894512	2.820435	4506
4712.901267	2.903283	4507
4713.938660	2.636733	4508
4714.945814	2.851164	4509
4715.980829	2.794146	4510
4716.990278	2.853278	4511
4718.023641	2.625899	4512
4719.036781	2.739185	4513
4720.064508	2.952461	4514
4721.080365	2.953429	4515
4722.107025	2.997744	4516
4723.121601	2.901702	4517
4724.155338	2.881715	4518
4725.161094	2.965259	4519
4726.204193	2.851290	4520
4727.200639	2.945805	4521
4728.247744	2.870924	4522
4729.246772	2.970416	4523
4730.286636	2.942904	4524
4731.297148	2.914063	4525
4732.325523	2.834695	4526
4733.340669	3.095513	4527
4734.370786	2.920659	4528
4735.379315	2.858207	4529
4736.421510	2.999495	4530
4737.418967	3.018941	4531
4738.465520	2.990179	4532
4739.463212	3.100883	4533
4740.505425	3.055054	4534
4741.512196	3.104228	4535
4742.545354	3.101677	4536
4743.559347	3.184954	4537
4744.585761	3.097472	4538
4745.602484	3.134150	4539
4746.628930	3.157502	4540
4747.644680	3.071173	4541
4748.674674	3.013808	4542
4749.687390	2.995000	4543
4750.719861	3.156219	4544
4751.729473	3.178752	4545
4752.764143	3.155069	4546
4753.772756	3.119332	4547
4754.808095	3.320500	4548
4755.816117	3.197482	4549
4756.850832	3.190675	4550
4757.861059	3.137058	4551
4758.893301	3.281064	4552
4759.906447	3.250792	4553
4760.934168	3.210656	4554
4761.951354	3.306410	4555
4762.977271	3.038586	4556
4763.995104	3.035552	4557
4765.022292	3.137309	4558
4766.036738	3.243904	4559
4767.069175	3.257196	4560
4768.075683	3.314293	4561
4769.116535	3.180845	4562
4770.115588	3.239456	4563
4771.162463	3.193002	4564
4772.159478	3.184215	4565
4773.203277	3.340591	4566
4774.208011	3.255601	4567
4775.241640	3.384732	4568
4776.255762	3.273666	4569
4777.281973	3.254427	4570
4778.299946	3.270020	4571
4779.327722	3.201996	4572
4780.340883	3.384246	4573
4781.375046	3.416210	4574
4782.380006	3.443706	4575
4783.421628	3.314144	4576
4784.420577	3.346570	4577
4785.467289	3.329215	4578
4786.464600	3.234387	4579
4787.510243	3.376284	4580
4788.509446	3.449707	4581
4789.552109	3.407771	4582
4790.554582	3.399112	4583
4791.594085	3.445097	4584
4792.599938	3.433454	4585
4793.636446	3.537201	4586
4794.643911	3.482903	4587
4795.680023	3.522271	4588
4796.687376	3.468188	4589
4797.724475	3.470709	4590
4798.729579	3.481668	4591
4799.769606	3.499619	4592
4800.771807	3.472178	4593
4801.814784	3.539344	4594
4802.814325	3.544066	4595
4803.859363	3.464869	4596
4804.857278	3.525532	4597
4805.902231	3.542250	4598
4806.902391	3.578932	4599
4807.943674	3.568775	4600
4808.948884	3.597456	4601
4809.984258	3.579130	4602
4810.996209	3.633000	4603
4812.024626	3.639525	4604
4813.041499	3.587207	4605
4814.067341	3.641322	4606
4815.084261	3.701507	4607
4816.112740	3.660266	4608
4817.124706	3.716116	4609
4818.160665	3.668992	4610
4819.165035	3.632923	4611
4820.207171	3.672513	4612
4821.206463	3.706320	4613
4822.251502	3.634141	4614
4823.250221	3.686849	4615
4824.293967	3.673627	4616
4825.295317	3.768842	4617
4826.335729	3.702952	4618
4827.340910	3.728269	4619
4828.377960	3.734468	4620
4829.385886	3.758531	4621
4830.420243	3.682979	4622
4831.430269	3.808424	4623
4832.463707	3.766853	4624
4833.473709	3.816761	4625
4834.507539	3.748658	4626
4835.516590	3.842806	4627
4836.552486	3.809590	4628
4837.559000	3.839675	4629
4838.597161	3.774329	4630
4839.600942	3.898161	4631
4840.642503	3.799109	4632
4841.642791	3.820550	4633
4842.687557	3.744901	4634
4843.685867	3.857616	4635
4844.730718	3.840930	4636
4845.731385	3.790296	4637
4846.771820	3.936523	4638
4847.778257	3.866871	4639
4848.811817	3.960874	4640
4849.825006	3.902974	4641
4850.852506	3.934533	4642
4851.870487	3.881283	4643
4852.895880	3.878465	4644
4853.913976	3.938020	4645
4854.940718	3.906529	4646
4855.955764	3.971689	4647
4856.986116	3.949957	4648
4857.997022	4.026318	4649
4859.032064	4.005914	4650
4860.038500	4.045882	4651
4861.077215	3.962426	4652
4862.080560	4.026449	4653
4863.121671	4.000804	4654
4864.123156	3.989479	4655
4865.166389	3.953099	4656
4866.166455	4.020135	4657
4867.210545	4.015730	4658
4868.210381	4.036039	4659
4869.254197	4.026379	4660
4870.253922	4.052275	4661
4871.297981	4.001776	4662
4872.297617	4.004363	4663
4873.341518	4.091028	4664
4874.341521	4.110354	4665
4875.385018	4.048964	4666
4876.385287	4.027643	4667
4877.428315	4.113688	4668
4878.429086	4.132854	4669
4879.471739	4.049672	4670
4880.473549	4.136682	4671
4881.514161	4.144696	4672
4882.518631	4.228627	4673
4883.556823	4.097575	4674
4884.563540	4.229418	4675
4885.598502	4.204320	4676
4886.609380	4.218663	4677
4887.640203	4.156550	4678
4888.654903	4.210978	4679
4889.682222	4.196530	4680
4890.699659	4.191935	4681
4891.724784	4.200024	4682
4892.743421	4.147378	4683
4893.769237	4.260555	4684
4894.785367	4.268388	4685
4895.814991	4.306876	4686
4896.826422	4.266884	4687
4897.861352	4.268055	4688
4898.867542	4.297703	4689
4899.907634	4.202837	4690
4900.909616	4.252881	4691
4901.952166	4.233131	4692
4902.952805	4.217295	4693
4903.995788	4.283268	4694
4904.996660	4.283531	4695
4906.039141	4.363367	4696
4907.040813	4.369473	4697
4908.082025	4.304389	4698
4909.085023	4.333695	4699
4910.125687	4.315118	4700
4911.128422	4.323526	4701
4912.169865	4.356745	4702
4913.171923	4.453281	4703
4914.213659	4.286094	4704
4915.214572	4.238560	4705
4916.258146	4.306724	4706
4917.258312	4.372923	4707
4918.301321	4.322217	4708
4919.302585	4.381329	4709
4920.344127	4.398101	4710
4921.347853	4.415981	4711
4922.385714	4.461294	4712
4923.394045	4.448135	4713
4924.426586	4.496244	4714
4925.440479	4.459124	4715
4926.467962	4.416056	4716
4927.485592	4.413863	4717
4928.510949	4.483748	4718
4929.529274	4.447590	4719
4930.554927	4.477614	4720
4931.572872	4.498278	4721
4932.599340	4.386172	4722
4933.615509	4.494079	4723
4934.643747	4.395848	4724
4935.657041	4.457152	4725
